// directory for macro cross section:
./database/mcpro_G4.imfp
// directory for mass stopping power ratio:
./database/mcpro.mater
// directory for restricted stopping power in water:
./database/mcpro.rstpw
// phantom parameters: vox size, dims, corner
-150 -50 -50
300 101 101
1  1  1
// CT directory
null
//hu 2 density
16
-1000.0 0.001 -718.0 0.293 -551.0 0.467 -95.0 0.956 -52.0 0.986 -9.0 1.0 -4.0 1.014 20.0 1.07 66.0 1.088 150.0 1.16 189.0 1.1 204.0 1.112  425.0 1.275 776.0 1.441 1183.0 1.629 2154.0 1.93
//material composition
0.0   0.0   0.755 0.232 0.0 0.0   0.0   0.0   0.013 0.0 0.0   0.0   0.0
0.103 0.105 0.031 0.749 0.0 0.002 0.003 0.003 0.0   0.0 0.002 0.002 0.0
0.116 0.681 0.002 0.198 0.0 0.0   0.001 0.001 0.0   0.0 0.001 0.0   0.0
0.113 0.567 0.009 0.308 0.0 0.0   0.001 0.001 0.0   0.0 0.001 0.0   0.0
0.110 0.458 0.015 0.411 0.0 0.001 0.002 0.002 0.0   0.0 0.001 0.0   0.0
0.108 0.356 0.022 0.509 0.0 0.001 0.002 0.002 0.0   0.0 0.0   0.0   0.0
0.106 0.284 0.026 0.578 0.0 0.001 0.002 0.002 0.0   0.0 0.0   0.001 0.0
0.103 0.134 0.030 0.723 0.0 0.002 0.002 0.002 0.0   0.0 0.002 0.002 0.0
0.094 0.207 0.062 0.622 0.0 0.0   0.006 0.003 0.0   0.0 0.006 0.0   0.0
0.095 0.455 0.025 0.355 0.0 0.021 0.001 0.001 0.0 0.045 0.001 0.001 0.0
0.089 0.423 0.027 0.363 0.0 0.030 0.001 0.001 0.0 0.064 0.001 0.001 0.0
0.082 0.391 0.029 0.372 0.0 0.039 0.001 0.001 0.0 0.083 0.001 0.001 0.0
0.076 0.361 0.030 0.380 0.001 0.047 0.002 0.001 0.0 0.101 0.001 0.0 0.0
0.071 0.335 0.032 0.387 0.001 0.054 0.002 0.0   0.0 0.117 0.001 0.0 0.0
0.066 0.310 0.033 0.394 0.001 0.061 0.002 0.0   0.0 0.132 0.001 0.0 0.0
0.061 0.287 0.035 0.400 0.001 0.067 0.002 0.0   0.0 0.146 0.001 0.0 0.0
0.056 0.265 0.036 0.405 0.002 0.073 0.003 0.0   0.0 0.159 0.001 0.0 0.0
0.052 0.246 0.037 0.411 0.002 0.078 0.003 0.0   0.0 0.170 0.001 0.0 0.0
0.049 0.227 0.038 0.416 0.002 0.083 0.003 0.0   0.0 0.181 0.001 0.0 0.0
0.045 0.210 0.039 0.420 0.002 0.088 0.003 0.0   0.0 0.192 0.001 0.0 0.0
0.042 0.194 0.040 0.425 0.002 0.092 0.003 0.0   0.0 0.201 0.001 0.0 0.0
0.039 0.179 0.041 0.429 0.002 0.096 0.003 0.0   0.0 0.210 0.001 0.0 0.0
0.036 0.165 0.042 0.432 0.002 0.100 0.003 0.0   0.0 0.219 0.001 0.0 0.0
0.034 0.155 0.042 0.435 0.002 0.103 0.003 0.0   0.0 0.225 0.001 0.0 0.0
0.0   0.0   0.0   0.0   0.0   0.0   0.0   0.0   0.0 0.0   0.0   0.0 1.0
0.111 0.0   0.0   0.888 0.0   0.0   0.0   0.0   0.0 0.0   0.0   0.0 1.0
// saving directory
./output/
// beam para file
./input/beam0.txt
// ROI directory
./input/ios_abs.bin


